extent_alloc 4649717 33734512 4336433 31149602
abt 0 0 0 0
blk_map 1271872710 16518656 8798485 4601751 4568279 2532208391 0
bmbt 0 0 0 0
dir 201669983 6655941 6236757 2932654435
trans 53910 86812701 582
ig 86117336 17819227 74 68298236 127 67300343 13024100
log 949771 29049408 100554 988075 540186
push_ail 86901510 1652 52226399 3944032 0 968652 1014 15813194 0 67910
xstrat 4481849 0
rw 16130548 423328276
attr 729435306 461040 19751 310187
icluster 2891382 1762063 16644623
vnodes 997766 0 0 0 67932656 67932656 67932656 0
buf 1101713732 3900451 1097823271 3666768 2888486 3900448 0 11897198 3669603
abtb2 9070573 55318685 546512 546308 181 181 5909 3625 3860 3625 186 186 367 367 117910163
abtc2 17577059 107425822 8788517 8788455 323 323 7684 499 7566 740 327 327 650 650 746653167
bmbt2 1092 6522 109 127 0 0 0 0 0 0 0 0 0 0 2124
ibt2 11342902 115375335 64087 57513 0 0 13311 8515 16599 6826 242 215 242 215 12388176
fibt2 14000057 40534884 285968 285970 0 0 0 0 0 0 0 0 0 0 8950193
rmapbt 0 0 0 0 0 0 0 0 0 0 0 0 0 0 0
refcntbt 0 0 0 0 0 0 0 0 0 0 0 0 0 0 0
qm 1025 4 0 1232 18290984 0 207 152 0
xpc 131769774080 116051798335 686025800572
debug 0
